Monthly Payment: $833.33
Month	Interest	Principal	Balanace

1	0.00		833.33		-833.33
2	-347.22		1180.56		-2013.89
3	-839.12		1672.45		-3686.34
4	-1535.98		2369.31		-6055.65
5	-2523.19		3356.52		-9412.17
6	-3921.74		4755.07		-14167.25
7	-5903.02		6736.35		-20903.60
8	-8709.83		9543.17		-30446.76
9	-12686.15		13519.49		-43966.25
10	-18319.27		19152.60		-63118.85
11	-26299.52		27132.86		-90251.71
12	-37604.88		38438.21		-128689.92
13	-53620.80		54454.13		-183144.06
14	-76310.02		77143.36		-260287.41
15	-108453.09		109286.42		-369573.84
16	-153989.10		154822.43		-524396.27
17	-218498.44		219331.78		-743728.05
18	-309886.69		310720.02		-1054448.06
19	-439353.36		440186.69		-1494634.76
20	-622764.48		623597.82		-2118232.57
21	-882596.91		883430.24		-3001662.81
22	-1250692.84		1251526.17		-4253188.99
23	-1772162.08		1772995.41		-6026184.40
24	-2510910.17		2511743.50		-8537927.90
25	-3557469.96		3558303.29		-12096231.19
26	-5040096.33		5040929.66		-17137160.85
27	-7140483.69		7141317.02		-24278477.87
28	-10116032.45		10116865.78		-34395343.65
29	-14331393.19		14332226.52		-48727570.17
30	-20303154.24		20303987.57		-69031557.74
31	-28763149.06		28763982.39		-97795540.14
32	-40748141.72		40748975.06		-138544515.19
33	-57726881.33		57727714.66		-196272229.85
34	-81780095.77		81780929.11		-278053158.96
35	-115855482.90		115856316.23		-393909475.19
36	-164128948.00		164129781.33		-558039256.53
37	-232516356.89		232517190.22		-790556446.74
38	-329398519.48		329399352.81		-1119955799.55
39	-466648249.81		466649083.15		-1586604882.70
40	-661085367.79		661086201.13		-2247691083.83
41	-936537951.59		936538784.93		-3184229868.75
42	-1326762445.31		1326763278.65		-4510993147.40
43	-1879580478.08		1879581311.42		-6390574458.82
44	-2662739357.84		2662740191.17		-9053314649.99
45	-3772214437.50		3772215270.83		-12825529920.82
46	-5343970800.34		5343971633.68		-18169501554.50
47	-7570625647.71		7570626481.04		-25740128035.54
48	-10725053348.14		10725054181.48		-36465182217.02
49	-15193825923.76		15193826757.09		-51659008974.11
50	-21524587072.55		21524587905.88		-73183596879.99
51	-30493165366.66		30493166200.00		-103676763079.99
52	-43198651283.33		43198652116.66		-146875415196.65
53	-61198089665.27		61198090498.61		-208073505695.26
54	-86697294039.69		86697294873.02		-294770800568.28
55	-122821166903.45		122821167736.78		-417591968305.07
56	-173996653460.44		173996654293.78		-591588622598.84
57	-246495259416.18		246495260249.52		-838083882848.36
58	-349201617853.48		349201618686.82		-1187285501535.18
59	-494702292306.32		494702293139.66		-1681987794674.84
60	-700828247781.18		2000.00		-1681987796674.84
